26 26
-34 -34
-45 -45
-20 -20
2 2
40 40
-54 -54
30 30
-53 -53
9 9
-87 -87
51 51
-10 -10
-5 -5
77 77
-21 -21
-33 -33
-57 -57
32 32
59 59
8 8
11 11
-9 -9
-30 -30
15 15
-3 -3
-5 -5
22 22
18 18
49 49
19 19
-48 -48
-82 -82
2 2
-16 -16
-41 -41
-61 -61
-20 -20
-5 -5
-45 -45
-6 -6
-30 -30
-16 -16
10 10
-23 -23
-5 -5
-3 -3
1 1
64 64
12 12
-18 -18
19 19
26 26
-71 -71
13 13
24 24
48 48
-41 -41
-4 -4
-85 -85
4 4
-25 -25
12 12
19 19
21 21
0 0
-17 -17
-36 -36
84 84
30 30
30 30
30 30
-36 -36
49 49
67 67
24 24
24 24
55 55
91 91
-7 -7
49 49
13 13
35 35
-54 -54
48 48
-55 -55
-54 -54
-75 -75
51 51
16 16
-47 -47
46 46
20 20
88 88
40 40
65 65
35 35
14 14
7 7
1 1
7 7
16 16
49 49
37 37
-95 -95
-16 -16
-35 -35
-87 -87
-10 -10
-50 -50
64 64
-11 -11
-48 -48
-40 -40
16 16
-17 -17
9 9
48 48
-50 -50
54 54
41 41
-33 -33
33 33
73 73
-45 -45
32 32
-17 -17
18 18
24 24
-42 -42
-27 -27
-28 -28
17 17
29 29
78 78
19 19
-3 -3
-63 -63
10 10
66 66
27 27
88 88
-32 -32
83 83
3 3
-62 -62
40 40
0 0
-15 -15
68 68
-47 -47
24 24
30 30
15 15
-29 -29
15 15
35 35
-16 -16
17 17
-58 -58
-12 -12
-17 -17
2 2
-81 -81
-81 -81
-6 -6
-21 -21
-13 -13
55 55
-23 -23
42 42
-32 -32
-4 -4
13 13
43 43
37 37
36 36
-37 -37
-74 -74
32 32
15 15
-7 -7
15 15
-53 -53
-29 -29
-44 -44
4 4
-73 -73
-52 -52
-50 -50
-82 -82
33 33
23 23
-63 -63
10 10
40 40
-13 -13
37 37
10 10
59 59
-3 -3
5 5
-7 -7
78 78
14 14
97 97
-2 -2
-19 -19
49 49
20 20
29 29
88 88
6 6
-50 -50
64 64
-64 -64
-27 -27
61 61
0 0
-2 -2
49 49
-29 -29
-35 -35
54 54
-71 -71
6 6
18 18
-56 -56
-5 -5
15 15
33 33
46 46
33 33
87 87
-34 -34
47 47
-55 -55
-49 -49
15 15
-55 -55
4 4
22 22
-3 -3
2 2
-1 -1
-3 -3
60 60
73 73
24 24
-70 -70
-4 -4
14 14
-4 -4
60 60
36 36
-33 -33
-66 -66
-25 -25
11 11
-33 -33
13 13
20 20
-58 -58
-77 -77
-19 -19
57 57
-33 -33
-69 -69
74 74
49 49
-32 -32
-9 -9
35 35
-7 -7
21 21
-22 -22
62 62
-40 -40
31 31
31 31
34 34
-8 -8
-74 -74
-5 -5
79 79
-44 -44
6 6
36 36
-27 -27
-41 -41
9 9
-50 -50
18 18
12 12
31 31
76 76
24 24
-19 -19
-37 -37
19 19
-43 -43
34 34
-34 -34
49 49
8 8
78 78
48 48
-78 -78
-59 -59
-3 -3
37 37
-71 -71
-14 -14
-81 -81
28 28
0 0
20 20
66 66
54 54
-9 -9
-23 -23
-27 -27
-3 -3
-8 -8
15 15
83 83
-38 -38
48 48
5 5
-8 -8
-45 -45
-39 -39
-11 -11
14 14
24 24
-87 -87
17 17
26 26
-67 -67
5 5
7 7
-34 -34
-26 -26
11 11
61 61
76 76
68 68
79 79
-23 -23
-33 -33
-42 -42
57 57
11 11
-28 -28
-40 -40
-1 -1
42 42
57 57
61 61
-49 -49
-22 -22
-6 -6
-87 -87
14 14
-45 -45
-36 -36
19 19
-51 -51
-36 -36
-7 -7
62 62
-33 -33
32 32
-7 -7
66 66
-45 -45
-25 -25
-37 -37
52 52
22 22
40 40
35 35
-7 -7
2 2
4 4
69 69
50 50
15 15
41 41
-6 -6
54 54
32 32
-46 -46
52 52
37 37
34 34
44 44
-6 -6
-10 -10
19 19
47 47
-9 -9
-47 -47
-24 -24
24 24
36 36
9 9
11 11
8 8
14 14
-54 -54
47 47
-69 -69
-22 -22
-62 -62
54 54
24 24
-20 -20
-44 -44
1 1
-14 -14
18 18
-29 -29
5 5
80 80
-4 -4
2 2
-27 -27
16 16
11 11
-14 -14
49 49
-40 -40
-28 -28
-40 -40
36 36
54 54
21 21
31 31
53 53
-24 -24
-4 -4
19 19
80 80
40 40
5 5
3 3
73 73
-34 -34
59 59
-41 -41
-29 -29
-54 -54
21 21
38 38
-19 -19
11 11
-68 -68
36 36
88 88
-72 -72
-9 -9
16 16
-27 -27
-27 -27
53 53
34 34
54 54
32 32
-58 -58
-7 -7
-2 -2
-40 -40
9 9
76 76
-28 -28
-75 -75
-10 -10
-65 -65
-10 -10
64 64
88 88
15 15
-45 -45
33 33
-5 -5
49 49
40 40
56 56
-78 -78
14 14
-3 -3
34 34
42 42
-43 -43
-47 -47
48 48
84 84
-6 -6
33 33
-39 -39
-15 -15
-16 -16
-10 -10
10 10
21 21
-17 -17
46 46
41 41
43 43
6 6
71 71
17 17
17 17
8 8
62 62
-16 -16
0 0
-69 -69
-6 -6
-5 -5
-28 -28
3 3
-44 -44
-9 -9
40 40
-79 -79
-17 -17
19 19
-18 -18
-43 -43
10 10
-15 -15
48 48
39 39
10 10
-29 -29
-36 -36
46 46
-12 -12
11 11
5 5
-68 -68
-92 -92
21 21
-4 -4
-42 -42
60 60
5 5
61 61
79 79
23 23
14 14
-24 -24
-29 -29
20 20
-13 -13
-7 -7
17 17
-7 -7
-52 -52
32 32
-19 -19
25 25
-60 -60
54 54
13 13
36 36
59 59
5 5
-37 -37
20 20
-7 -7
-17 -17
-15 -15
-1 -1
41 41
-57 -57
50 50
-42 -42
-30 -30
-33 -33
-14 -14
6 6
60 60
4 4
21 21
42 42
-50 -50
-24 -24
-9 -9
-55 -55
-32 -32
48 48
46 46
80 80
34 34
-6 -6
2 2
-19 -19
-9 -9
-22 -22
-28 -28
-4 -4
-27 -27
-42 -42
12 12
5 5
42 42
9 9
-31 -31
-10 -10
53 53
14 14
-51 -51
25 25
12 12
90 90
-44 -44
11 11
-69 -69
-33 -33
-16 -16
5 5
7 7
15 15
-25 -25
82 82
39 39
-39 -39
-66 -66
25 25
-55 -55
18 18
-26 -26
-61 -61
45 45
-35 -35
59 59
58 58
-9 -9
-26 -26
-65 -65
62 62
-8 -8
-9 -9
-9 -9
23 23
-13 -13
-1 -1
45 45
-85 -85
24 24
37 37
77 77
-1 -1
-30 -30
49 49
-17 -17
-1 -1
-38 -38
12 12
2 2
80 80
38 38
-42 -42
41 41
0 0
-68 -68
17 17
-67 -67
-14 -14
16 16
-42 -42
-32 -32
-24 -24
61 61
-42 -42
7 7
47 47
3 3
-32 -32
-44 -44
7 7
-15 -15
-2 -2
43 43
-7 -7
84 84
3 3
-7 -7
71 71
-54 -54
10 10
0 0
27 27
18 18
64 64
7 7
-31 -31
89 89
55 55
-54 -54
17 17
50 50
44 44
-15 -15
-27 -27
33 33
6 6
26 26
-89 -89
36 36
28 28
-41 -41
-91 -91
36 36
-78 -78
-2 -2
13 13
47 47
-74 -74
-45 -45
1 1
-41 -41
-26 -26
57 57
-56 -56
-35 -35
1 1
39 39
1 1
6 6
20 20
77 77
50 50
-8 -8
-19 -19
71 71
-10 -10
48 48
-72 -72
-59 -59
-74 -74
-63 -63
-22 -22
-11 -11
42 42
34 34
20 20
16 16
-11 -11
-41 -41
34 34
-45 -45
95 95
44 44
-66 -66
-3 -3
-23 -23
64 64
41 41
-26 -26
-53 -53
74 74
-80 -80
0 0
-21 -21
-27 -27
22 22
14 14
-2 -2
46 46
-19 -19
-85 -85
-29 -29
-15 -15
-13 -13
-18 -18
26 26
35 35
2 2
-60 -60
-13 -13
17 17
-57 -57
47 47
-76 -76
8 8
12 12
15 15
-61 -61
-7 -7
11 11
17 17
0 0
48 48
0 0
-38 -38
36 36
25 25
14 14
-1 -1
32 32
68 68
25 25
-29 -29
60 60
31 31
56 56
74 74
17 17
-4 -4
38 38
-17 -17
-67 -67
20 20
-27 -27
46 46
24 24
-45 -45
-30 -30
-27 -27
-91 -91
-31 -31
-15 -15
34 34
-23 -23
17 17
-2 -2
39 39
-21 -21
13 13
45 45
-21 -21
33 33
52 52
-49 -49
38 38
8 8
57 57
-16 -16
1 1
3 3
6 6
-89 -89
22 22
-43 -43
-69 -69
5 5
43 43
-66 -66
-40 -40
-69 -69
-34 -34
35 35
72 72
-42 -42
-5 -5
1 1
74 74
59 59
75 75
9 9
-2 -2
58 58
-62 -62
69 69
72 72
-14 -14
13 13
-10 -10
-58 -58
70 70
62 62
36 36
-43 -43
-79 -79
-33 -33
-43 -43
19 19
25 25
-48 -48
-7 -7
-71 -71
-46 -46
-13 -13
-5 -5
50 50
34 34
34 34
-9 -9
-26 -26
-76 -76
81 81
18 18
-49 -49
11 11
-4 -4
17 17
-66 -66
-13 -13
-13 -13
-12 -12
2 2
-17 -17
63 63
-28 -28
2 2
-16 -16
-6 -6
59 59
9 9
15 15
-4 -4
-30 -30
-63 -63
-3 -3
30 30
35 35
-13 -13
-23 -23
-44 -44
-95 -95
72 72
36 36
35 35
6 6
-1 -1
-17 -17
37 37
7 7
11 11
47 47
-13 -13
81 81
-16 -16
24 24
7 7
-1 -1
1 1
36 36
50 50
-3 -3
40 40
24 24
26 26
37 37
20 20
86 86
20 20
1 1
-4 -4
-45 -45
30 30
-6 -6
26 26
-34 -34
12 12
1 1
42 42
-7 -7
50 50
17 17
11 11
-78 -78
-26 -26
49 49
6 6
23 23
-73 -73
-27 -27
9 9
55 55
44 44
-3 -3
3 3
4 4
60 60
-35 -35
-14 -14
-53 -53
-79 -79
6 6
-9 -9
36 36
22 22
-86 -86
26 26
-5 -5
-8 -8
62 62
44 44
24 24
85 85
-19 -19
39 39
40 40
-55 -55
3 3
